[0.00044092 0.00044092 0.00044092 0.00044092 0.00088183 0.00044092
 0.00176367 0.00044092 0.00088183 0.00044092 0.00044092 0.00044092
 0.00088183 0.00044092 0.00088183 0.00088183 0.00044092 0.00044092
 0.02425044 0.00088183 0.00044092 0.00088183 0.00132275 0.00044092
 0.00132275 0.00088183 0.00044092 0.00176367 0.00044092 0.00044092
 0.00088183 0.00044092 0.00176367 0.00044092 0.00132275 0.00088183
 0.00088183 0.00088183 0.00044092 0.00044092 0.00220459 0.00044092
 0.00088183 0.00088183 0.00220459 0.00044092 0.00044092 0.00044092
 0.00176367 0.00308642 0.00044092 0.00088183 0.00044092 0.00088183
 0.00044092 0.00044092 0.00044092 0.00044092 0.00044092 0.00044092
 0.00044092 0.00088183 0.00044092 0.00044092 0.00044092 0.00044092
 0.00044092 0.00044092 0.00044092 0.00044092 0.00044092 0.00044092
 0.0026455  0.00044092 0.00044092 0.00088183 0.00088183 0.00044092
 0.00044092 0.00220459 0.00793651 0.00044092 0.00044092 0.00088183
 0.00044092 0.00044092 0.00044092 0.00044092 0.00088183 0.00044092
 0.00044092 0.00044092 0.00044092 0.00044092 0.00044092 0.00044092
 0.00044092 0.00088183 0.00088183 0.00088183 0.00088183 0.00044092
 0.00088183 0.00088183 0.00132275 0.00044092 0.00044092 0.00220459
 0.00044092 0.00044092 0.00044092 0.00044092 0.00661376 0.00044092
 0.00044092 0.00044092 0.00044092 0.00044092 0.00044092 0.00176367
 0.00044092 0.00396825 0.         0.00044092 0.00044092 0.00044092
 0.00132275 0.00044092 0.00044092 0.00044092 0.00044092 0.00044092
 0.00132275 0.0154321  0.00044092 0.00044092 0.00132275 0.00044092
 0.00044092 0.00044092 0.00044092 0.00088183 0.00044092 0.00044092
 0.00132275 0.00044092 0.00044092 0.00396825 0.00220459 0.00044092
 0.00044092 0.00044092 0.00044092 0.00044092 0.00617284 0.00044092
 0.00044092 0.00044092 0.00044092 0.00088183 0.00044092 0.00529101
 0.00044092 0.00044092 0.00044092 0.00044092 0.00044092 0.00044092
 0.00044092 0.00088183 0.00044092 0.00176367 0.00088183 0.00044092
 0.00044092 0.00044092 0.00044092 0.00044092 0.00044092 0.00176367
 0.00044092 0.00044092 0.00044092 0.00044092 0.00176367 0.00132275
 0.00044092 0.02380952 0.00044092 0.00044092 0.00132275 0.00044092
 0.00088183 0.00044092 0.00132275 0.00044092 0.00132275 0.00088183
 0.00044092 0.00044092 0.00044092 0.00044092 0.00044092 0.00088183
 0.00088183 0.00176367 0.00044092 0.00044092 0.00176367 0.00044092
 0.00088183 0.00044092 0.00044092 0.03880071 0.00044092 0.00044092
 0.00044092 0.00044092 0.00044092 0.00176367 0.00088183 0.00088183
 0.00044092 0.00044092 0.00044092 0.00044092 0.00176367 0.00044092
 0.00132275 0.0026455  0.00044092 0.00044092 0.00044092 0.00044092
 0.00132275 0.00044092 0.00044092 0.00044092 0.00044092 0.00088183
 0.00044092 0.00220459 0.00044092 0.00044092 0.00044092 0.00044092
 0.00044092 0.00044092 0.00132275 0.00044092 0.00044092 0.00220459
 0.00044092 0.00044092 0.00044092 0.00044092 0.00044092 0.00044092
 0.00088183 0.00088183 0.00044092 0.00044092 0.00044092 0.00088183
 0.00132275 0.00044092 0.00044092 0.00044092 0.00044092 0.00044092
 0.00044092 0.00132275 0.00044092 0.00044092 0.00088183 0.00044092
 0.00044092 0.00044092 0.00044092 0.00044092 0.00044092 0.00176367
 0.00044092 0.00088183 0.00044092 0.00044092 0.00044092 0.00088183
 0.00044092 0.00044092 0.00044092 0.00176367 0.00044092 0.00044092
 0.00132275 0.00044092 0.00044092 0.00044092 0.00176367 0.00044092
 0.00044092 0.00132275 0.00044092 0.00176367 0.00044092 0.00044092
 0.00044092 0.00044092 0.00044092 0.00176367 0.00088183 0.00044092
 0.00044092 0.00044092 0.00396825 0.00044092 0.00044092 0.00044092
 0.00044092 0.00044092 0.00044092 0.00088183 0.00044092 0.00044092
 0.00088183 0.00132275 0.00132275 0.00044092 0.00044092 0.00044092
 0.00220459 0.00044092 0.00044092 0.00088183 0.01234568 0.00044092
 0.00088183 0.00044092 0.00044092 0.00044092 0.00088183 0.00044092
 0.00044092 0.00088183 0.00044092 0.00044092 0.00132275 0.00044092
 0.00044092 0.00044092 0.00088183 0.00044092 0.00044092 0.01763668
 0.00044092 0.00044092 0.00044092 0.00044092 0.00044092 0.00088183
 0.00220459 0.00044092 0.00176367 0.00088183 0.00044092 0.00088183
 0.00044092 0.00044092 0.00088183 0.00132275 0.00176367 0.00132275
 0.00088183 0.00573192 0.00044092 0.00044092 0.00088183 0.00044092
 0.00044092 0.00044092 0.00044092 0.00044092 0.00044092 0.00088183
 0.00044092 0.00044092 0.00044092 0.00088183 0.00044092 0.00044092
 0.00044092 0.00044092 0.00044092 0.00044092 0.00088183 0.00088183
 0.00088183 0.00044092 0.00088183 0.00044092 0.00044092 0.00044092
 0.00044092 0.00044092 0.00044092 0.00044092 0.00088183 0.00044092
 0.00088183 0.00044092 0.00044092 0.00044092 0.00088183 0.00044092
 0.00044092 0.00132275 0.00044092 0.00044092 0.00044092 0.0026455
 0.00220459 0.00044092 0.00088183 0.00044092 0.00044092 0.00044092
 0.00044092 0.00044092 0.00044092 0.00044092 0.0026455  0.00044092
 0.00044092 0.00088183 0.00044092 0.00044092 0.00044092 0.00088183
 0.00044092 0.00044092 0.00044092 0.00044092 0.00044092 0.00044092
 0.00044092 0.00044092 0.00044092 0.00132275 0.00044092 0.00044092
 0.00044092 0.00044092 0.00044092 0.00044092 0.00044092 0.00044092
 0.00044092 0.00044092 0.00044092 0.00044092 0.00044092 0.00132275
 0.00044092 0.00044092 0.00220459 0.00088183 0.00044092 0.00088183
 0.00044092 0.00044092 0.00044092 0.01058201 0.00044092 0.00044092
 0.00176367 0.00220459 0.00529101 0.00044092 0.00088183 0.00044092
 0.00088183 0.00088183 0.00088183 0.00044092 0.00088183 0.00044092
 0.00044092 0.00044092 0.00132275 0.00044092 0.00044092 0.00044092
 0.00044092 0.00044092 0.00176367 0.00132275 0.00044092 0.00044092
 0.00044092 0.00088183 0.00044092 0.00044092 0.00044092 0.00088183
 0.00044092 0.00044092 0.00044092 0.00044092 0.00044092 0.00044092
 0.00044092 0.00088183 0.00044092 0.00044092 0.00088183 0.00044092
 0.00044092 0.00044092 0.00044092 0.00044092 0.00088183 0.00044092
 0.00308642 0.03924162 0.00044092 0.00088183 0.00044092 0.00176367
 0.00088183 0.00044092 0.00176367 0.00044092 0.00044092 0.00220459
 0.00044092 0.00044092 0.00088183 0.00044092 0.00044092 0.00220459
 0.00044092 0.00044092 0.00044092 0.00044092 0.00088183 0.00044092
 0.00044092 0.0026455  0.00132275 0.00044092 0.00088183 0.00617284
 0.00044092 0.00044092 0.00132275 0.00044092 0.00044092 0.00088183
 0.00044092 0.00044092 0.00044092 0.00044092 0.00088183 0.00044092
 0.00176367 0.00044092 0.00529101 0.00837743 0.00044092 0.00044092
 0.00044092 0.01763668 0.00044092 0.00044092 0.00044092 0.00044092
 0.00132275 0.00044092 0.00044092 0.00088183 0.00044092 0.00044092
 0.00176367 0.00044092 0.00088183 0.00044092 0.00044092 0.00044092
 0.00044092 0.00044092 0.00044092 0.00132275 0.00044092 0.00044092
 0.00044092 0.00044092 0.00044092 0.00044092 0.00044092 0.00220459
 0.00044092 0.00044092 0.00044092 0.00088183 0.06878307 0.00088183
 0.00176367 0.00044092 0.00088183 0.00044092 0.00044092 0.00088183
 0.00088183 0.00044092 0.00044092 0.00044092 0.00044092 0.00044092
 0.00088183 0.00044092 0.         0.00044092 0.00044092 0.00044092
 0.00044092 0.00176367 0.00132275 0.00044092 0.00044092 0.00088183
 0.00088183 0.00044092 0.00440917 0.00044092 0.00132275 0.00044092
 0.00044092 0.00044092 0.00044092 0.00044092 0.00088183 0.00044092
 0.00044092 0.00044092 0.00044092 0.00044092 0.00088183 0.00044092
 0.00088183 0.00044092 0.00044092 0.00044092 0.00088183 0.00044092
 0.00088183 0.00044092 0.00044092 0.00176367 0.00044092 0.00044092
 0.00044092 0.00044092 0.00044092 0.00044092 0.00088183 0.00044092
 0.00044092 0.00044092 0.00088183 0.00088183 0.0026455  0.00088183
 0.00088183 0.00044092 0.00044092 0.00132275 0.00044092 0.00088183
 0.00044092 0.00044092 0.00044092 0.00220459 0.00970018 0.00044092
 0.00088183 0.00044092 0.00044092 0.00044092 0.00044092 0.00925926
 0.0026455  0.00044092 0.00088183 0.00044092 0.00044092 0.00440917
 0.00088183 0.00088183 0.00440917 0.00044092 0.00044092 0.02954145
 0.00044092 0.00088183 0.00088183 0.00044092 0.00044092 0.00044092
 0.00044092 0.00132275 0.00044092 0.00044092 0.00176367 0.00044092
 0.00044092 0.00044092 0.00132275 0.00044092 0.00132275 0.00044092
 0.00044092 0.00044092 0.00044092 0.00044092 0.00044092 0.00176367
 0.00132275 0.00044092 0.00088183 0.00088183 0.00044092 0.00044092
 0.00044092 0.00485009 0.00044092 0.00044092 0.00088183 0.00044092
 0.00088183 0.00088183 0.00793651 0.00044092 0.00088183 0.0026455
 0.00088183 0.00352734 0.00044092 0.00132275 0.00044092 0.00044092
 0.00088183 0.00044092 0.00044092 0.00044092 0.0026455  0.00308642
 0.00044092 0.00088183 0.00044092 0.00044092 0.00132275 0.00044092
 0.00044092 0.00044092 0.00088183 0.00088183 0.00044092 0.00132275
 0.00044092 0.00044092 0.00220459 0.00617284 0.00044092 0.00176367
 0.00044092 0.00044092 0.00044092 0.00088183 0.01499118 0.00044092
 0.00573192 0.00044092 0.00396825 0.00044092 0.00132275 0.00044092
 0.00176367 0.00088183 0.00044092 0.00132275 0.00088183 0.00088183
 0.00044092 0.00396825 0.00088183 0.00044092 0.00044092 0.00044092
 0.00088183 0.00044092 0.00044092 0.00044092 0.00132275 0.00088183
 0.00088183 0.00088183 0.00044092 0.00088183 0.00088183 0.00044092
 0.00088183 0.0026455  0.00396825]